f, U_err, U_a, a, b, phi
20, 4, 0.75, 1.0, 22.0, 0.286
22, 4, 1.05, 1.5, 20.0, 0.471
24, 4, 1.35, 2.5, 18.0, 0.872
26, 4, 1.65, 3.5, 16.5, 1.332
28, 4, 1.50, 4.5, 15.0, 1.884
30, 4, 1.10, 5.0, 14.0, 2.244
32, 4, 0.80, 5.5, 14.0, 2.468
34, 4, 0.55, 5.5, 17.5, 1.975
36, 4, 0.50, 6.0, 12.0, 3.142
38, 4, 0.40, 5.0, 11.0, 2.856
40, 4, 0.35, 5.0, 11.0, 2.856
42, 4, 0.30, 4.5, 10.5, 2.693
44, 4, 0.25, 5.0, 10.0, 3.142
46, 4, 0.20, 4.0, 9.0, 2.793
48, 4, 0.16, 4.0, 9.0, 2.793
50, 4, 0.19, 4.5, 9.5, 2.976
52, 4, 0.15, 4.0, 8.0, 3.142
54, 4, 0.13, 3.5, 7.5, 2.932
56, 4, 0.12, 3.5, 7.5, 2.932
58, 4, 0.11, 3.5, 7.5, 2.932
60, 4, 0.10, 3.0, 7.0, 2.693